#date=07/05/05 time=10:31:14 mach=i686
probid =   ""
note =   ""
shotName =   ""
shotTime =    0.00000D+00
npoly =   8
nbd =   0
nfbd =   0
nsol =   0
nlim =   0
nloop =   0
ircwt =   3
nc0p =   0
kbfc =   0
ixpt =   0
nsym =   1
nsymc =   1
iflxc =   0
nc =   0
jm =   21
km =   21
ipf =   0
ibdry =   1
bsph_flag =   0
keqic =   0
initflx =   0
map =   0
lelm =   0
inv_eq =   0
inv_flag =   0
lsrf =   0
jqm =   0
nsph =   0
lsph =   0
ipp =   0
irl =   0
liml =   0
lflat =   0
kedge =   0
ipj =   0
entropy_flag =   0
ncplot =   0
inv_k =   0
inv_p =   0
npp =    0.00000D+00
npf =    0.00000D+00
nasp =    1.00000D+01
nbsp =    1.00000D+01
ndbg16 =   0
ndbg8 =   0
ndbg10 =   0
ldbg5 =   0
ldbg9 =   0
ldbg8 =   2
ldbg7 =   1
ldbg10 =   0
ndbg12 =   0
ngp =   5
ni =   1
kgreenc =   1
msrf =   21
n4 =   6
mls =   0
nht =   100
fix_bound =   F
nplates =   0
one_pow =   4
lmax =   0
nl =   50
int_flag =   0
jmkm =   0
crdn =    4.00000D+03
gsph =    0.00000D+00
asph               shape: (4)
 (1)           0.00000D+00   0.00000D+00   0.00000D+00   0.00000D+00
bsph               shape: (4)
 (1)           0.00000D+00   0.00000D+00   0.00000D+00   0.00000D+00
alfa               shape: (2)
 (0)           0.00000D+00   0.00000D+00
betp               shape: (2)
 (0)           0.00000D+00   0.00000D+00
vltf =    0.00000D+00
thetac =    0.00000D+00
btor =    0.00000D+00
fefit              shape: (5)
 (1)           0.00000D+00   0.00000D+00   0.00000D+00   0.00000D+00
 (5)           0.00000D+00
rxpr               shape: (2)
 (1)           0.00000D+00   0.00000D+00
zxpr               shape: (2)
 (1)           0.00000D+00   0.00000D+00
plcm =    0.00000D+00
qmax =    1.00000D+10
zn =    0.00000D+00
zx =    0.00000D+00
rn =    0.00000D+00
pefit              shape: (5)
 (1)           0.00000D+00   0.00000D+00   0.00000D+00   0.00000D+00
 (5)           0.00000D+00
rx =    0.00000D+00
rcur =    0.00000D+00
zcur =    0.00000D+00
ro =    3.00000D+00
rb =    0.00000D+00
plcx =    0.00000D+00
raxis0 =    0.00000D+00
zlim =    0.00000D+00
zaxis0 =    0.00000D+00
raxis =    0.00000D+00
zaxis =    0.00000D+00
wvert =    0.00000D+00
betaj =    0.00000D+00
qflat =    0.00000D+00
psil =    0.00000D+00
qcelm =    0.00000D+00
pcelm =    0.00000D+00
scelm =    0.00000D+00
alphac =    0.00000D+00
psil00 =    0.00000D+00
thetat =    5.00000D-01
rlim =    0.00000D+00
aap =    1.00000D+00
ipscl =   0
svec               shape: (0)
epsb =    1.05367D-08
scflat =    1.00000D+00
qrat =    3.00000D-01
dpsi00 =    0.00000D+00
dlim =    0.00000D+00
epsrk =    1.00000D-06
epskrk =    1.00000D-03
anun =    0.00000D+00
alfa0 =    3.00000D-01
epsj =    1.05367D-08
epp =    0.00000D+00
epf =    0.00000D+00
prsx =    0.00000D+00
filter_p =   0
filter_wp =   0
scl =    0.00000D+00
dr =    0.00000D+00
dz =    0.00000D+00
hsrf =    0.00000D+00
psix =    0.00000D+00
el =    2.00000D+00
rl =    0.00000D+00
cejima =    0.00000D+00
rhc                shape: (0)
ix                 shape: (0)
ic                 shape: (0)
cc                 shape: (0)
pfid               shape: (0)
zplate             shape: (0,2)
 row\col =               1             2
rc                 shape: (0)
zc                 shape: (0)
drc                shape: (0)
dzc                shape: (0)
ac                 shape: (0)
ac2                shape: (0)
nrc                shape: (0)
nzc                shape: (0)
cc0                shape: (0)
rplate             shape: (0,2)
 row\col =               1             2
rbd                shape: (0)
zbd                shape: (0)
rfbd               shape: (0)
zfbd               shape: (0)
alfbd              shape: (0)
pfps0              shape: (0)
whtz               shape: (0)
